Date,stocks,t1y,t10y,hyield,cpi,ppi,oil,indpro,pce
1997-01-31,0.0617859046226301,0.00459684757582135,0.0053690810897653,0.00775636578994976,0.00188560653676939,0.00464756003098366,-0.00396353547364259,0.0012602693825805,0.00614621322916853
1997-02-28,0.00956557344598363,0.00467013391063009,0.00539341915778535,0.00763606683116014,0.00188205771643646,-0.0092521202775635,-0.117389574214087,0.0120448980254408,0.00419510938563739
1997-03-31,-0.0441222029876425,0.00495488251617404,0.0056852464519217,0.00798874038206732,0.000626174076393315,-0.00933852140077818,-0.0545536519386836,0.00704764936463809,0.00364622460010633
1997-04-30,0.0626029406875197,0.0048572998672296,0.00552317246074674,0.00790062982631357,0.000625782227784644,-0.00235663786331497,-0.0605627086313781,0.000260967048315575,0.000949320870454073
1997-05-31,0.0632072317086696,0.00475966981354636,0.00548263354641354,0.00764408899615154,0,0.00314960629921268,0.0568527918781727,0.00600557564355086,0.00027358284088419
1997-06-30,0.0411031088631082,0.00467013391063009,0.0053528540743295,0.00754780193300464,0.00187617260787976,-0.00156985871271587,-0.0749279538904899,0.00489583117722758,0.00618128111153649
1997-07-31,0.0792639899635728,0.00449094232107372,0.00495488251617404,0.00721847353112581,0.00124843945068664,-0.00235849056603776,0.0207684319833852,0.0075193982542785,0.00993077452792579
1997-08-31,-0.0518032795213059,0.00460499182207719,0.00521487154147415,0.0073952532578716,0.00249376558603487,0.00236406619385332,0.0147507629704984,0.0105286829946436,0.00696213888390451
1997-09-30,0.0480905130411604,0.00450723907131656,0.00503616521485584,0.00721847353112581,0.00248756218905455,0.00235849056603765,-0.00751879699248115,0.00902066303063331,0.00245910403079219
1997-10-31,-0.0245033128413653,0.00441759058070179,0.0048084907691468,0.00733902198726866,0.00186104218362293,0.00235294117647067,0.0772727272727272,0.00855316775035875,0.0063282138794083
1997-11-30,0.0386965423237782,0.00454797516432515,0.00482476178569669,0.00729081126058384,0.00123839009287918,0.000782472613458651,-0.0534458509142052,0.00874258149393348,0.00423938387621003
1997-12-31,0.0190718236326672,0.00453982860647395,0.00473525488719639,0.0072425889938823,0.000618429189857883,-0.00860046911649737,-0.0921248142644875,0.00308485615017839,0.005487933581932
1998-01-31,0.0128783068428695,0.00431974657715761,0.00455612139186012,0.00707372009498908,0.0012360939431395,-0.0110410094637223,-0.0878341516639388,0.00508516495581679,-0.000349870547897257
1998-02-28,0.0692943356245994,0.00445834485408025,0.00462942258030119,0.00708176468222721,0,-0.00318979266347696,-0.0394736842105263,0.00117861881972536,0.00594988100237992
1998-03-31,0.0487835597976995,0.00445834485408025,0.00467013391063009,0.00708980894817657,0,-0.00239999999999996,-0.0585305105853051,0.000834972843283488,0.00462737457379458
1998-04-30,0.0127908738343876,0.00445019466080399,0.00467827518695385,0.00721847353112581,0.00123456790123444,0.00160384923817158,0.0152116402116402,0.0035379280112553,0.00656277056277044
1998-05-31,-0.0207690258547516,0.0044664947167159,0.00458055809286173,0.00731491806604856,0.00246609124537622,0.00160128102481982,-0.0286644951140065,0.0064345560933885,0.00867037107123814
1998-06-30,0.042573866038079,0.00443389328221122,0.00448279345018321,0.0073952532578716,0.00123001230012321,-0.00239808153477217,-0.0798122065727699,-0.0063093382296131,0.00578172701379764
1998-07-31,-0.0135139874437477,0.00443389328221122,0.004531681718277,0.00741131645304982,0.00245700245700231,0.000801282051282159,0.032798833819242,-0.00352973057647699,0.00312012480499235
1998-08-31,-0.141179348073529,0.00408309327100653,0.00416472936293122,0.00846866677672198,0.00122549019607843,-0.00560448358686949,-0.0494001411432604,0.0205121379164737,0.00598417742917023
1998-09-30,0.0636394561575828,0.0036416839202007,0.00366623213983597,0.00854854358640011,0.000611995104039087,-0.0032206119162641,0.115812917594655,-0.00177655842403524,0.0068559905898169
1998-10-31,0.0810810851710151,0.00345338109326021,0.00382981026619356,0.00909883328094252,0.00244648318042806,0.00161550888529893,-0.0379241516966067,0.00797156953299227,0.00567442170966981
1998-11-30,0.0556818192374373,0.00373985879175787,0.00391154937567872,0.00839675059132894,0.00122025625381328,-0.00322580645161297,-0.100968188105118,-0.000557630995790315,0.00280460685718076
1998-12-31,0.0654221866964413,0.00373985879175787,0.00383798567481297,0.00858847013254183,0.00182815356489963,-0.00647249190938504,-0.126923076923077,0.00380496400770158,0.00918463600708286
1999-01-31,0.0352251224308102,0.00372349964709406,0.00384616075053712,0.00851659665830362,0.00182481751824803,0.000814332247557115,0.103083700440529,0.00460256126073655,0.000147584533141121
1999-02-28,-0.0320681465751276,0.00402592825427761,0.00436052070403714,0.00871618200101665,0,-0.00488201790073239,-0.0407348242811502,0.00531105131096488,0.00477119575019258
1999-03-31,0.0414678969439015,0.00389520421575162,0.00432790206470113,0.0086682995246381,0.000607164541590821,0.00245298446443165,0.222314737718568,0.0017944529675753,0.00514017166541558
1999-04-30,0.0379746887591719,0.00394423570424696,0.00441759058070179,0.00834879221702778,0.00667475728155331,0.00815660685154973,0.179155313351498,0.00255639594411594,0.0103738818448951
1999-05-31,-0.0228660864692674,0.0040994231444611,0.00464570810229237,0.00864435402387986,0.000602772754671355,0.00889967637540456,0.02368573079145,0.00733446661219905,0.00478822546436142
1999-06-30,0.055378779630274,0.00418105259989865,0.00478408177393241,0.00881191287398786,0,0.00400962309542896,0.0112866817155757,-0.00162758322967893,0.0045575207087345
1999-07-31,-0.0310219034842987,0.0042300143522358,0.00487356693268182,0.00878798441386563,0.00421686746987948,0.0039936102236422,0.121651785714286,0.0062992865394651,0.00439357519221906
1999-08-31,-0.00517889978341923,0.0043686745363094,0.00492236023059345,0.00904307514244995,0.00239952009598077,0.00954653937947492,0.0587064676616915,0.00409728001805587,0.00717964973452734
1999-09-30,-0.0223370693172209,0.00430343460861238,0.0048572998672296,0.00913865109334222,0.00418910831837227,0.0086682427107958,0.118421052631579,-0.00395952723417725,0.00827720777994578
1999-10-31,0.0640776664805491,0.00447464424874022,0.00495488251617404,0.00928988718140622,0.001787842669845,-0.00234374999999998,-0.0466386554621848,0.0131138256632588,0.00371445516121982
1999-11-30,0.0166511256456903,0.00469455675009489,0.00508491906152253,0.00917049968825223,0.00178465199286149,0.00469851213782313,0.101806963420009,0.00476982948984017,0.00559771115810426
1999-12-31,0.0571097399128728,0.00492236023059345,0.00530416516903598,0.00923418180546109,0.00237529691211402,-0.00389711613406085,0.044,0.00767500852660308,0.0156172686788718
2000-01-31,-0.0497872343344835,0.00518239129607911,0.00549074198307298,0.00945691113617042,0.00296208530805697,0.00391236306729281,0.0444444444444445,1.79810268434721E-05,-0.000532870497244264
2000-02-29,-0.0152261480947369,0.00510116771639035,0.00527981629427021,0.00954434475807786,0.00413467217956276,0.0116913484021823,0.0774027879677182,0.0028843163842287,0.0127957103904215
2000-03-31,0.0969144885316446,0.00516614920531677,0.00496301226537588,0.00982229103854304,0.00588235294117645,0.00770416024653309,0.0160027238678924,0.00400554744063664,0.0099417931324921
2000-04-30,-0.0351208422390952,0.0051336610864956,0.00512553823634998,0.0100840047845179,-0.000584795321637355,-0.000764525993883991,-0.138069705093834,0.0072879452679302,-0.00205516173229292
2000-05-31,-0.0157222812254397,0.00523922828232437,0.00517427041472773,0.0103216325088495,0.00175541252194256,0.00688599846977822,0.119362363919129,0.00184582462997485,0.00540217877928661
2000-06-30,0.0196814302989665,0.005003656079688,0.00496301226537588,0.0100919302132594,0.00584112149532712,0.0167173252279638,0.105244876693296,0.00091288457995331,0.0054028379742328
2000-07-31,-0.0157019901266573,0.00499552797428771,0.00497114168575896,0.0101315526938224,0.00290360046457616,-0.000747384155456055,-0.066624764299183,-0.0013821175413492,0.002967402858155
2000-08-31,0.0653405892770544,0.00511741505797003,0.00471897662148035,0.0100998553310889,0,-0.00598354525056088,0.0525252525252526,-0.00318358242062655,0.00515183184420853
2000-09-30,-0.0548619037233236,0.00499552797428771,0.00477594478330623,0.0103295486218862,0.00521134916039379,0.0135440180586905,0.0838131797824697,0.00409848910656496,0.0123595999238508
2000-10-31,-0.00467819325976304,0.00503616521485584,0.00475153183435384,0.0110801690715074,0.00172811059907851,0.00519673348181149,-0.0227272727272728,-0.00299655084512096,0.00094024388479852
2000-11-30,-0.0746530870245289,0.00487356693268182,0.00451538695072773,0.0118201558690929,0.00172512938470382,-0.00295420974889227,0.0395650860767141,0.000173236974614577,0.00215330365917099
2000-12-31,-0.00522610902611398,0.00438498120798703,0.00422185488902382,0.0116236149305733,0.00229621125143509,0.00888888888888872,-0.173736199883789,-0.00271288023364169,0.0064316100656141
2001-01-31,0.0444592934112351,0.00379710530216615,0.0042789641717047,0.0104719856538447,0.00572737686139746,0.0279001468428781,0.040436005625879,-0.0065830291350305,0.00439884798899559
2001-02-28,-0.0953875846263476,0.00369077735776902,0.00405859597073155,0.0101949325036634,0.00227790432801833,-0.0185714285714286,0.00067590402162887,-0.00611796326273117,0.00278181973808089
2001-03-31,-0.0560372427014685,0.00337964925910805,0.00406676206954182,0.0105352587908019,0.000568181818181746,-0.0109170305676856,-0.0797028031070585,-0.00257605781559622,-0.00102428406811483
2001-04-30,0.0854400713975481,0.00325670263509892,0.00440943873377941,0.0106617456706675,0.00170357751277694,0.00367917586460642,0.00880733944954115,-0.00233517023476015,0.00200794634083823
2001-05-31,-0.005605614646923,0.00300237395930991,0.00447464424874022,0.010392866364511,0.00510204081632648,0.00293255131964809,0.0414696253182976,-0.00666410382286131,0.00666552968932099
2001-06-30,-0.0238293207695838,0.00307624453683153,0.0044664947167159,0.0107802552784579,0.00225606316976856,-0.00950292397660824,-0.035976248690185,-0.00615992873093252,0.00197653569764644
2001-07-31,-0.0101957601550302,0.00292026362280029,0.00418105259989865,0.0105352587908019,-0.00168823860438927,-0.0154981549815498,-0.0423913043478261,-0.00575584888523573,0.00170492172859338
2001-08-31,-0.0593324765325783,0.00282168682980988,0.0040014239788313,0.0102503735322186,0,0,0.0355656451002648,-0.00184220604716612,0.00519045743543578
2001-09-30,-0.0816304406097886,0.00206431711867539,0.00379710530216615,0.0115606814877696,0.00394588500563686,-0.000749625187406289,-0.0427475337961272,-0.00350860793697549,-0.0127761996053792
2001-10-31,0.0130218405723288,0.00171760764733442,0.00355164808725328,0.0108671181905922,-0.00280741156653563,-0.0225056264066017,-0.15381679389313,-0.00448628101156756,0.0276974542155695
2001-11-30,0.0779773084903332,0.00170934534331746,0.00394423570424696,0.0102899649550818,-0.000563063063063085,-0.00383729854182657,-0.114118177717636,-0.00524607694684454,-0.00559984552150283
2001-12-31,0.00563916592944014,0.00180021195250513,0.00418105259989865,0.0104007796875314,-0.000563380281690118,-0.0130970724191064,-0.0127291242362525,0.000459304720595188,-0.00271859742565472
2002-01-31,-0.00979879492009628,0.00189929218596685,0.00418105259989865,0.0100919302132594,0.00169109357384434,0.00312256049960968,0.0170190820010314,0.00568087362147973,0.00385257301808073
2002-02-28,-0.0179360304028556,0.0018662708849102,0.00402592825427761,0.0101790894151204,0.00168823860438949,-0.000778210116731515,0.050709939148073,0.000220039826113849,0.00581902822228697
2002-03-31,0.0332707321563894,0.00223744717582597,0.0044664947167159,0.00982229103854304,0.00280898876404501,0.0109034267912773,0.183880308880309,0.00807948585488005,0.00234169456038136
2002-04-30,-0.058155741984925,0.00194881393666879,0.00421369509431369,0.00932966732588825,0.00448179271708682,0.00770416024653309,0.0672645739910314,0.00405622254504068,0.00946857778938259
2002-05-31,-0.00593360956997158,0.00194056116139429,0.00418921372089787,0.00956818372159263,0.0011154489682097,0,0.0328495034377387,0.00436207138918032,-0.00324003485079505
2002-06-30,-0.0738075005204285,0.00170934534331746,0.00400959240290688,0.0105352587908019,0.000557103064066755,0.000764525993883769,-0.0562130177514792,0.00948834224783157,0.00605042475893902
2002-07-31,-0.0788196790683224,0.0014944057416244,0.00372349964709406,0.0109065889983737,0.00222717149220486,0.00229182582123744,0.0568181818181819,-0.00232072753101686,0.00788748455763555
2002-08-31,0.00680117728792684,0.00144477152465439,0.00342061473350874,0.0106143223662467,0.00277777777777777,0.0022865853658538,0.0526510938079348,0.00032497346228233,0.00334042725142103
2002-09-30,-0.10485230746277,0.00127095483463879,0.00300237395930991,0.010835535995136,0.00166204986149587,0.00608365019011425,0.0447340612891862,0.0014437385454682,-0.00307423815277219
2002-10-31,0.0822838423952228,0.00121298239653989,0.0032485035144374,0.011072282299958,0.00221238938053081,0.00680272108843516,-0.0276466621712744,-0.00331869266985096,0.00581731999299762
2002-11-30,0.0616810626268049,0.00129579502855903,0.00348614210418807,0.00998887537870541,0.0016556291390728,-0.000750750750750706,-0.0863384188626907,0.00508776174885384,0.0040833813074852
2002-12-31,-0.0565698350363822,0.00109698714408157,0.00316649387492318,0.00970321804551255,0.00165289256198364,-0.00150262960180303,0.118026565464896,-0.00486493856776715,0.0070401877383397
2003-01-31,-0.0245948661314839,0.0010886991969723,0.00330589032463724,0.00935353165030328,0.00440044004400431,0.0180586907449209,0.11846571622539,0.00575899361051424,0.00356168736594009
2003-02-28,-0.0134789294422631,0.00103067395890899,0.00306803803803435,0.00919438283682439,0.00547645125958374,0.0169992609016998,0.0874051593323215,0.00317911046637231,-0.000778415462761362
2003-03-31,0.00213986823424483,0.000989217061621694,0.00316649387492318,0.00878000762980502,0.00163398692810457,0.0261627906976745,-0.0647502093217974,-0.00227253919652681,0.0071168268722932
2003-04-30,0.0846118207283866,0.0010140922301427,0.00321570368095769,0.00777240022724102,-0.00380641653072333,-0.0311614730878186,-0.159355416293644,-0.00717767456104534,0.00448377581120951
2003-05-31,0.0548361850961365,0.000939457450144898,0.00278881712939461,0.00768419503184004,-0.0016375545851528,-0.000730994152046915,-0.00212992545260926,0.000199214708471729,0.000978895023297621
2003-06-30,0.0106516092636317,0.00090627750316119,0.00292847616912795,0.00729081126058384,0.00109349371241119,0.00950987564008776,0.0907150480256136,0.00146382938624123,0.00700203411046774
2003-07-31,0.0180272671421935,0.00106383329697368,0.00370713916917742,0.00760397497741505,0.00327689787001639,-0.00217391304347836,0.00326157860404441,0.00419687795051216,0.00788563881443505
2003-08-31,0.0206258432910325,0.00112184892717537,0.00367441421262948,0.00746752755341151,0.00435492651061509,0.00217864923747291,0.026332899869961,-0.00188788939715323,0.0122176828798273
2003-09-30,-0.0109062166470062,0.000956045361586444,0.0032730998713828,0.00704958440526027,0.00325203252032513,0.00362318840579712,-0.103262591067469,0.00628459809403115,-0.00062191422660518
2003-10-31,0.0535268317265312,0.0010886991969723,0.00357620732004227,0.00675973028616683,-0.00108049702863311,0.00577617328519864,0.0717061109148711,0.00125097798914831,0.00210820421640845
2003-11-30,0.0109211132415323,0.00115499316992085,0.00358439306322866,0.00663077218468988,0.000540832882639286,-0.00287150035893757,0.0253790375741596,0.00823978603238729,0.00757863787291191
2003-12-31,0.0503129236435238,0.00104725431443597,0.00352708584898997,0.00630801505495704,0.00270270270270268,0.00431965442764581,0.0327868852459017,-0.000713067513526178,0.00300613805594696
2004-01-31,0.0197699943882172,0.00106383329697368,0.00343699858210744,0.00613836014498736,0.00431266846361189,0.0136200716845878,0.0678493619670091,0.00198519250271922,0.00790037997065562
2004-02-29,0.0135706158549249,0.00100580085071655,0.00329769321366258,0.00621916603506101,0.00214707461084251,0.00495049504950495,0.0110754881958612,0.00607698068245943,0.00432981225038254
2004-03-31,-0.0132456118154061,0.000997509127886653,0.00319110028662917,0.00617068639482832,0.00214247455811467,0.00703729767769179,0.0590948400115308,-0.00488934851776635,0.0060579031478798
2004-04-30,-0.018921297858338,0.00128751530627169,0.00373985879175787,0.00638068054438623,0.00160342063067875,0.0118798043326347,0.000272182906913443,0.00431098604770064,0.00253663341952959
2004-05-31,0.0171233060725995,0.00151921823855949,0.00384616075053712,0.00681612349381289,0.00426894343649931,0.0138121546961325,0.0960544217687076,0.00815623588514303,0.00875749238478907
2004-06-30,0.0185013818635609,0.00173413123321176,0.00381345845014924,0.00668720151780344,0.00371944739638685,0.0027247956403269,-0.0558589870903674,-0.00815750482166056,-0.00101060526732322
2004-07-31,-0.0322186599044967,0.00176717431720741,0.0037153195748072,0.00652593287052983,0.00105876124933824,0.00135869565217406,0.0723113331580332,0.00762892921672287,0.00805645613436368
2004-08-31,0.00243598835636627,0.00165149967218969,0.00341242230759198,0.00629186360496869,0.000528820729772672,0.00407055630936215,0.101029916625797,0.000813747992806757,0.00286553737893991
2004-09-30,0.0100369866662045,0.0018332441410811,0.00342061473350874,0.00613836014498736,0.00317124735729402,-0.00202702702702706,0.0231625835189309,0.000789293742442077,0.00947627314814814
2004-10-31,0.0128847018652645,0.00189103737085472,0.00334687085747531,0.00592002201376651,0.00526870389884082,0.0155721056194991,0.159773617762299,0.0094619876996227,0.00536247462080497
2004-11-30,0.0445175105893119,0.00217975377151247,0.00360076354816607,0.00585528370448696,0.0047169811320753,0.00933333333333342,-0.0902777777777778,0.00186667267387808,0.00481117618408389
2004-12-31,0.030121051164991,0.00227864658602117,0.00350252060444323,0.00573384319276116,0,-0.0079260237780715,-0.109758613575408,0.00722383989812214,0.00686891137803847
2005-01-31,-0.0224207696398891,0.00245159170552145,0.00342061473350874,0.00588765546320036,-0.000521648408972286,0.00466045272969384,0.0855156431054462,0.00459160117504398,0.000551869899606761
2005-02-28,0.0209037991626841,0.0026490607698666,0.00360076354816607,0.00573384319276116,0.00417536534446761,0.00463883366467854,0.0279675491033304,0.00678875174238902,0.00639581279631973
2005-03-31,-0.0182928201547158,0.00277238025882864,0.0037153195748072,0.0064291096335487,0.00363825363825354,0.0138522427440633,0.125441329179647,-0.00156510066306081,0.00545728045523974
2005-04-30,-0.018735155546413,0.00275594204103369,0.00347795235280324,0.00672749850344578,0.00310719834282747,0.00845803513337673,-0.0223288429599557,0.00134347420218028,0.0108321252536967
2005-05-31,0.0322246448334278,0.00274772242684929,0.00330589032463724,0.00655013140482086,-0.000516262261228695,-0.00451612903225795,-0.0594563986409966,0.00164573043336902,-0.00405006941337083
2005-06-30,0.00151493146315484,0.00285455114422195,0.00325670263509892,0.00631609029391211,0.000516528925619708,0,0.130844872566727,0.0040815181564442,0.0109093841439531
2005-07-31,0.038261423639282,0.0031418844450255,0.00353527359573613,0.00616260531919477,0.00619514713474456,0.0129617627997407,0.0470275066548358,-0.0032277955603095,0.010552345788748
2005-08-31,-0.00937445735811171,0.00311727199612144,0.00332228354208919,0.00625147930820469,0.00615700359158544,0.00831733845169524,0.101525423728813,0.00203003612623465,0.000530001465961494
2005-09-30,0.00802537103107959,0.0033140871007693,0.00358439306322866,0.0064291096335487,0.0137684854665987,0.0291878172588833,0.00923218956762595,-0.0183621787667642,0.00574803327096896
2005-10-31,-0.0236508692873776,0.00355983483208466,0.00377257308228329,0.00667914115275869,0.00150905432595572,0.0246609124537609,-0.0507699344412259,0.0125223376929997,0.00403424626832227
2005-11-30,0.0439524299016727,0.00358439306322866,0.00370713916917742,0.00669526156017142,-0.00502260170768454,-0.0150421179302046,-0.0632830067459043,0.010231680216775,0.00313630072771121
2005-12-31,-0.00191349860310785,0.00361713269805586,0.00362531677243294,0.00666301945452585,0,-0.00427611484422719,0.0186899862825789,0.00595843916552008,0.00435038997741333
2006-01-31,0.0240141178051099,0.00378075082200513,0.00373985879175787,0.00652593287052983,0.00605754669358927,0.00797546012269956,0.102339673455647,0.00118186007963472,0.0081202641024507
2006-02-28,0.00572545992916518,0.00390337696204357,0.00375621660340797,0.00655819693655935,0.000501756146512822,-0.0152160681679854,-0.0589402962284317,0.000436623850528228,0.00380215602026346
2006-03-31,0.016503965838818,0.00397691671268818,0.00400959240290688,0.00656626214516587,0.00150451354062175,0.00247218788627923,0.0171994158688948,0.001872121095428,0.00365638718293981
2006-04-30,0.0126318967774699,0.00404226277680664,0.00418105259989865,0.00659851974884362,0.00500751126690036,0.0129469790382246,0.107672675067794,0.00429802956878755,0.00602087673563756
2006-05-31,-0.0301209376792602,0.00418105259989865,0.00422185488902382,0.00674361503976195,0.00298953662182377,0.00912964090079127,0.0201612903225807,-0.00139645067967797,0.00333936877256535
2006-06-30,0.00260825470685422,0.00429527812755137,0.00424633228428384,0.00696106212252445,0.0024838549428714,0.00180940892641734,0.00155279503105588,0.0036507863194275,0.00320938827114459
2006-07-31,0.00447832010851923,0.00421369509431369,0.00411575169014355,0.00690470949526456,0.00545094152626358,0.00421432871764016,0.0487667371388301,-0.000308429223815798,0.00825093173054148
2006-08-31,0.0218224519067267,0.00413207890829104,0.00391154937567872,0.00675167282418898,0.00443568260226712,0.00659472422062346,-0.0184115038301302,0.00346428805795163,0.000876030938848915
2006-09-30,0.0270015614323391,0.00405042953982981,0.00382981026619356,0.00662270956011302,-0.00490677134445539,-0.0148898153662894,-0.126506024096386,-0.00173055637436237,0.00270051021497331
2006-10-31,0.031516633295354,0.00411575169014355,0.00380528204266506,0.00648559551474936,-0.00443786982248529,-0.0193470374848852,-0.0769592476489027,-0.000443899944561399,0.0020651699507126
2006-11-30,0.0198853770354666,0.00407492783629015,0.00368259595193043,0.00630801505495704,0.000495294700346705,0.0147965474722564,0.00322635421973172,-0.000860804911283264,0.00190156480724091
2006-12-31,0.0133712071669438,0.00412391546514423,0.00388703113677291,0.00625955681587675,0.00544554455445545,0.00607533414337791,0.048747461069736,0.0105461128097284,0.00904444821443717
2007-01-31,0.0150402853793306,0.00419737451028035,0.00398508613375181,0.00621916603506101,0.00165928114229463,-0.0096618357487922,-0.120238863783086,-0.00490413111526833,0.00384595176798186
2007-02-28,-0.019617447957023,0.00409125837372004,0.00376439500942771,0.00605752179310048,0.00387835054586927,0.0170731707317073,0.0875068794716567,0.010251876833387,0.00394636296071416
2007-03-31,0.0115889499828672,0.00404226277680664,0.00383798567481297,0.00614644219430294,0.00520012143409754,0.014988009592326,0.0195681511470984,0.00181080682574919,0.00425407682362278
2007-04-30,0.0442957258774015,0.00403409568163249,0.0038216345246489,0.00603326395319081,0.00300066248392494,0.0124040165386887,0.058570483123759,0.00725226013863844,0.00404917147722084
2007-05-31,0.0339201172070307,0.00408309327100653,0.00404226277680664,0.00604943617140741,0.00413299401662903,0.0110851808634773,-0.00812753985620496,0.000410667028308165,0.00396045746902973
2007-06-30,-0.0146208580315519,0.00405042953982981,0.00414840479914114,0.0065420655499222,0.00231675171096235,0.0028851702250432,0.0635045698077528,7.06439193247643E-05,0.00148317523097363
2007-07-31,-0.0313101865351167,0.0040014239788313,0.00394423570424696,0.00728277501768759,0.00178059584817158,0.00747986191024164,0.09823677581864,-0.000448652657885185,0.00373330042269604
2007-08-31,0.0128327998520557,0.00346157184736939,0.00374803786419475,0.00733098766728668,0.000308280708853026,-0.0154197601370645,-0.0237452779276849,0.00192052227509776,0.00420099184392808
2007-09-30,0.0387142905414328,0.00334687085747531,0.00378892822862276,0.00700130434719481,0.00423755339076504,0.00638051044083521,0.104477611940299,0.00347147424227123,0.00376507560761574
2007-10-31,0.0135666005069195,0.00333867542041211,0.00369895843017454,0.00706567518643397,0.00308323783128017,0.0069164265129682,0.0735735735735734,-0.00479119726738364,0.00166709021601008
2007-11-30,-0.0387325598251766,0.00269839766581215,0.00328129798706556,0.00766013236819707,0.00785888426789039,0.0246136233543217,0.104545454545454,0.00532107815065075,0.00758075482803777
2007-12-31,-0.0112607022796296,0.00276416131835,0.00333867542041211,0.00778843338903212,0.00289801455173255,-0.00223463687150838,-0.0324997362034399,-7.78509344485645E-05,0.00191366355780276
2008-01-31,-0.0604610526723878,0.00175065345642045,0.00303520868537444,0.00818884854812674,0.00344770507697034,0.0134378499440091,0.0139600828879922,-0.00286551723155715,0.00156821745948776
2008-02-29,-0.0258425242572635,0.00146959017060211,0.00292026362280029,0.00855652952789021,0.00241782687793979,0.00939226519337,0.0260299021189632,-0.00328891301139311,-0.000752770194315078
2008-03-31,-0.00894226519418229,0.00128751530627169,0.00285455114422195,0.0088836812322397,0.00357802780611882,0.0284619594964424,0.105461788447426,-0.00244759687448937,0.00487158110429209
2008-04-30,0.0476622990634286,0.00153575819577001,0.00311727199612144,0.00822084743254958,0.00231438102020154,0.0159659393294305,0.067614983404457,-0.0074469990298599,0.00403830391235682
2008-05-31,0.0151165287427637,0.00184150133740624,0.00335506595984625,0.0082368449707404,0.00591749165661715,0.0298585646935567,0.113874578077811,-0.00504147517905673,0.00484837624196066
2008-06-30,-0.083575866690247,0.00195706637207804,0.00329769321366258,0.00882786360429466,0.0104782350098509,0.0198372329603256,0.0676236044657097,-0.00164278136267448,0.00555814253019338
2008-07-31,-0.00898579411938971,0.00188278221566174,0.00329769321366258,0.00927397292831911,0.00714144475152101,0.0249376558603491,-0.00380938153570354,-0.00525797389760319,0.00016749758606438
2008-08-31,0.0154536902045703,0.00180021195250513,0.00316649387492318,0.00939329925622645,-0.00148847572780064,-0.0316301703163017,-0.125215565719427,-0.0148388148868585,-0.00106392410674716
2008-09-30,-0.0941735157720096,0.00147786236922665,0.00318289848469822,0.0113638882000964,0.000855091682290032,-0.0105527638190954,-0.107654067026656,-0.0430538966670797,-0.00563099711053894
2008-10-31,-0.165186623680014,0.0011135620091518,0.0033140871007693,0.0153025012652357,-0.00859843656482862,-0.05332656170645,-0.264143694169628,0.00944958718261857,-0.00990756902570622
2008-11-30,-0.0696065905421431,0.000748597604903312,0.00242689439233756,0.0174002836130911,-0.0177054770847255,-0.0515021459227467,-0.251925336118,-0.0122814146252368,-0.0132320976029968
2008-12-31,0.00979628398832832,0.000308095928073904,0.0018662708849102,0.0156806243451364,-0.00823352239940323,-0.0333710407239819,-0.282498691327866,-0.0292532773456694,-0.0108616209192789
2009-01-31,-0.0821143214303036,0.000424549139916408,0.0023774906368117,0.0146061496307959,0.00253077134126145,0.00175541252194256,0.0143482490272375,-0.0236688733500706,0.00491574475072354
2009-02-28,-0.10744900090003,0.000599101974964933,0.00250097720685405,0.015603513521065,0.00364266065218732,-0.0110981308411213,-0.06281467274035,-0.00649774146486359,-0.00167481949734982
2009-03-31,0.0833107506087072,0.000474436917929921,0.00224568773532252,0.0150319816272684,-0.000987282856538485,-0.00708800945067933,0.226400613967767,-0.0159710676100439,-0.00335525844696549
2009-04-30,0.0993460921280664,0.000407917116077128,0.00261616276104326,0.0125496171968922,0.0010070825195887,0.00594883997620466,0.0356695869837296,-0.00901096855859251,-0.000102638844697189
2009-05-31,0.0584534495228108,0.000391283709565649,0.00287098128228358,0.0113560124850278,0.00147149391892198,0.010053222945003,0.188922457200403,-0.0106938077286859,0.0018271589730956
2009-06-30,-0.000654928534118748,0.000466123151983355,0.00292026362280029,0.0105985121251997,0.00829961224662235,0.0193208430913347,0.179739115703879,-0.00431598400775834,0.00490793774398801
2009-07-31,0.0746057817467596,0.000399600585671234,0.00291205074021117,0.00954434475807786,-0.000297965454630122,-0.00919012062033309,-0.0788340034462952,0.0105208752081778,0.00281414413312131
2009-08-31,0.0369395997773025,0.000358012747515124,0.00281346990971976,0.00933762241416169,0.00334845337779299,0.0144927536231885,0.107560405300078,0.0110523863106808,0.0128823003090937
2009-09-30,0.0354571635585434,0.000333055894581546,0.00273950247576638,0.00833280355754984,0.00193088723340051,-0.00514285714285723,-0.023082336382829,0.00752641270597865,-0.00868308254449457
2009-10-31,-0.019225290668307,0.000308095928073904,0.00282168682980988,0.00812483554091048,0.00300193179870378,0.00631820792647897,0.0909090909090911,0.00324359064480184,0.0049820766753752
2009-11-30,0.061606841387976,0.000224873541814219,0.00265728442883839,0.00794068485313759,0.00334859058976766,0.0125570776255708,0.0299788695192815,0.00408725710014934,0.00216633415956302
2009-12-31,0.0191009588712363,0.000391283709565649,0.00318289848469822,0.00742737836769036,0.000520176399642747,0.00394588500563686,-0.0451339915373765,0.00271817689416731,0.00547953469198981
2010-01-31,-0.0363424511829608,0.00024984389307714,0.00300237395930991,0.00731491806604856,0.000648732211624647,0.0213363279056711,0.0518329528669264,0.0114563138970356,0.000279983201007861
2010-02-28,0.0311946977528499,0.000266489062519248,0.0029859545806461,0.00742737836769036,-0.000951776649746217,-0.00494777350192421,-0.0247670113621856,0.00366084339191564,0.00312893616170506
2010-03-31,0.0608796602938519,0.000341375191469817,0.00317469634747303,0.00694496298086622,0.000331368136192278,0.0127071823204421,0.0629663568529912,0.00697071126064763,0.00605897535551625
2010-04-30,0.015470061106772,0.000341375191469817,0.0030516240332592,0.00666301945452585,0.000230040533141906,0.00600109110747415,0.0380541871921183,0.00419929240950334,0.00112921598732107
2010-05-31,-0.0794545537453707,0.000283132847137324,0.00273950247576638,0.00753174961524472,-0.00051977203626441,0.00216919739696309,-0.125163127298612,0.0150266873278238,0.00329477881447349
2010-06-30,-0.0517410213093278,0.000266489062519248,0.00245982346721907,0.007379188781931,-0.000418795158543817,-0.00703463203463206,0.021697857336588,0.00192102997739729,0.00253446677580316
2010-07-31,0.0683006637924599,0.000241520788967886,0.00243512716811112,0.00682417837721716,0.00186925354168288,0.00326975476839242,0.0130076984337668,0.00461454136051187,0.00180997255530735
2010-08-31,-0.0449804967841118,0.000208224909202803,0.00204782073928444,0.00689665783252535,0.00146136347969961,0.00434546442151018,0.00366876310272546,0.00417940694131236,0.00616635409404687
2010-09-30,0.089554714889458,0.000224873541814219,0.0020973058044893,0.00638068054438623,0.00161524942296132,0,-0.0177545691906005,0.00280893867640053,0.00212743117564962
2010-10-31,0.038202051397022,0.000183249361996873,0.00217975377151247,0.00609794502856364,0.00348184629481163,0.00919415900486742,0.0883838383838385,-0.0023826881701311,0.00728412975099579
2010-11-30,0,0.000224873541814219,0.00232807470357499,0.00650173142702681,0.0025338416234848,0.00589496248660226,0.028819147637074,0.000396315731532759,0.00542359117143754
2010-12-31,0.0668522716348836,0.000241520788967886,0.00273128218775454,0.00623532332018106,0.00401657634682828,0.0106553010122536,0.058160237388724,0.00867881064346432,0.00349045173945672
2011-01-31,0.0233001376669784,0.000216549398706745,0.00282990341327483,0.00594429350995362,0.00324304220037019,0.0158144438587242,0.000224340998317363,-0.00102863127620934,0.00369869970582881
2011-02-28,0.034737346219635,0.000208224909202803,0.00282990341327483,0.00582290673578223,0.00321447463006419,0.0160871821484174,-0.00661657508130542,-0.00438814545469668,0.00359914842429854
2011-03-31,0.000120131733626794,0.00024984389307714,0.00287098128228358,0.00588765546320036,0.0051735482068338,0.0173646578140958,0.161210205463987,0.00962146181449697,0.00676344126935802
2011-04-30,0.0289614316336999,0.000183249361996873,0.00274772242684929,0.00571764558368493,0.0046940989750992,0.0195783132530121,0.0648454209605289,-0.00384708907387377,0.00388340341097004
2011-05-31,-0.0112145379441031,0.000149943780917816,0.00252566539665078,0.00577433150995565,0.00318171473450768,0.00492368291482026,-0.078791198758331,0.00222700724088964,0.0026824539276773
2011-06-30,-0.0168697239721188,0.000158270696083207,0.00263261244010327,0.00610602870125665,0,-0.000979911807937217,-0.045986124876115,0.00236197377680547,0.00218715679004222
2011-07-31,-0.0200045387539316,0.00016659726463053,0.0023363115384023,0.00595238335802883,0.00262003683175704,0.00343305541932315,0.010804072304176,0.00430853538747855,0.00474879172754861
2011-08-31,-0.0549756506098127,8.33159775250891E-05,0.00184975819346556,0.0069691112107706,0.00315446216641879,-0.00684261974584555,-0.112744090441932,0.00587861635284881,0.00172460404023456
2011-09-30,-0.0694207122111049,0.00010830400470474,0.00159363729321416,0.00779644949168512,0.00217154785808438,0.00246062992125995,-0.00938260164485116,-0.000756376231158318,0.00418776057176884
2011-10-31,0.109147131853924,9.99750091628115E-05,0.00180021195250513,0.006791956910152,0.000675207527019328,-0.0127638684339715,0.00935453695042088,0.00710446097872763,0.0034289103478955
2011-11-30,-0.00406375874375853,9.99750091628115E-05,0.00172586961062215,0.00731491806604856,0.00184785005512689,0.00149179512680275,0.125579240037071,-0.00126624248391005,0.00010159222727113
2011-12-31,0.0104483439122987,9.99750091628115E-05,0.00156883401351693,0.006791956910152,0.000237708490154809,-0.00794438927507446,0.0144092219020173,0.00503473088528361,-0.000129286063885958
2012-01-31,0.0463745623783296,0.00010830400470474,0.00151921823855949,0.0062110869060179,0.00272419605409668,0.00450450450450446,0.0173498376623376,0.00642501998636158,0.00723171981934567
2012-02-29,0.0434053914607202,0.000149943780917816,0.0016432346412274,0.00582290673578223,0.00213744612494615,0.00448430493273544,0.019248030318141,0.00297302630519169,0.00644622946009377
2012-03-31,0.0321637267493524,0.000158270696083207,0.00184975819346556,0.00598473949782941,0.00209347038702923,0.0128968253968254,0.0387475538160469,-0.00556404879659755,0.00102952833025083
2012-04-30,-0.00667567633284716,0.00016659726463053,0.00161843750217217,0.00583909587149889,0.00166078835000683,-0.00244857982370228,-0.0267520723436323,0.00802685848220497,0.00274865297801075
2012-05-31,-0.0600557293128282,0.000149943780917816,0.00132063214167766,0.00643718001568461,-0.00206818013238108,-0.00883652430044179,-0.083817266744096,0.0017604188154523,-0.000644435166191726
2012-06-30,0.0405811456066376,0.000174923486591094,0.00138684938802247,0.00607369206180008,-0.000826363171310684,-0.0104011887072808,-0.130572575533488,0.000292887531188057,-0.0011716302008119
2012-07-31,0.0118295436003795,0.000133288910604934,0.00125439299338703,0.00573384319276116,0.000288809928060019,0.00150150150150141,0.0680437424058324,0.0023614013312987,0.00340989688471827
2012-08-31,0.0250526215689801,0.000133288910604934,0.00130407440853508,0.00560422578232611,0.00580952797585188,0.0129935032483759,0.0708759954493741,-0.00389615568671242,0.00181243146743504
2012-09-30,0.0253508628203269,0.000141616519102383,0.00137029712887249,0.00544208645822009,0.00477126627754232,0.00838677849037994,0.00403697014766813,6.00521252436259E-06,0.00688382527205134
2012-10-31,-0.0181982013416725,0.000149943780917816,0.00142822405198317,0.00541775428034219,0.00269679458043859,-0.00440313111545987,-0.053116072373294,0.00292752352527881,0.00123079687359628
2012-11-30,0.00565962819839183,0.000149943780917816,0.00134546617483555,0.0053690810897653,-0.00167934449442664,-0.00835380835380828,-0.03307632137669,0.0049298297612026,0.00152538874980923
2012-12-31,0.00893449463443208,0.000133288910604934,0.00147786236922665,0.00519051184940045,-0.000121081604677165,-0.0014866204162538,0.0153703917716399,0.0027596740029574,0.00222188376322596
2013-01-31,0.0511901760009075,0.00012496095539416,0.00167629271934167,0.00501178385641565,0.00169102287421996,0.00496277915632759,0.0785340314136127,-0.000818988652996455,0.0034774058016358
2013-02-28,0.0127588716257889,0.000141616519102383,0.00156883401351693,0.00496301226537588,0.00592801754658656,0.00888888888888895,0.00580413676656821,0.00566526752927543,0.00513122026832002
2013-03-31,0.0379712396892957,0.000116632653438087,0.00155229678733981,0.00486543356454083,-0.00294439556194603,-0.00146842878120412,-0.0248662259993705,0.003004914893596,-0.00189665869006461
2013-04-30,0.0192123206140775,9.16456667801047E-05,0.00141167521205743,0.00451538695072773,-0.0021696176048972,-0.00245098039215685,-0.00989885947923397,-0.000902016271666084,-0.000683739433117947
2013-05-31,0.023609746655991,0.000116632653438087,0.00179195305438795,0.00488169997168164,0.000522012985612275,0.00294840294840282,0.0270593349271899,0.000112116223217384,0.00227476696967277
2013-06-30,-0.0133445455767025,0.00012496095539416,0.00208905914207991,0.00560422578232611,0.00197485296400424,0.000979911807937439,0.0133319225478785,0.00178382481935579,0.00360831597145261
2013-07-31,0.0516769042880807,9.16456667801047E-05,0.00215502294235015,0.00521487154147415,0.00221625483057486,0.0004894762604013,0.0929309804740526,-0.00565409873077272,0.00202293245702378
2013-08-31,-0.0299923699256248,0.00010830400470474,0.00230336216825067,0.00537719410642734,0.0018635487292229,-0.00097847358121339,0.0181522881436895,0.00770210371481883,0.00238911761335081
2013-09-30,0.031646421870966,8.33159775250891E-05,0.00218799670318304,0.00532039611419743,0.00132434436382178,-0.00146914789422126,-0.00262738106408922,0.00483261688212444,0.00472287206909283
2013-10-31,0.0463067577644163,8.33159775250891E-05,0.00213028906131796,0.00488169997168164,0.000368100260238258,-0.00686611083864641,-0.0540972810236147,-0.000952515586840175,0.00361522772433243
2013-11-30,0.0296376772985869,0.00010830400470474,0.00227864658602117,0.00488169997168164,0.00172430022505754,-0.00641975308641984,-0.0664412174259003,0.00327696715616232,0.00669853120747987
2013-12-31,0.0259264610387147,0.00010830400470474,0.00251743633781287,0.00488169997168164,0.00257131995848292,0.00397614314115313,0.0401662049861495,0.00281396692494584,0.00207936232888573
2014-01-31,-0.0352483055375524,8.33159775250891E-05,0.00221272346447332,0.00486543356454083,0.00282034568406164,0.00891089108910892,-0.0308306872887432,-0.00476828335009727,-0.000328549195918959
2014-02-28,0.0455157797986363,9.99750091628115E-05,0.00220448154963271,0.00453982860647395,0.00121927905346553,0.00932286555446504,0.0655252589304585,0.00996917343282022,0.00598502015187408
2014-03-31,0.00829556756084071,0.00010830400470474,0.0022621678380681,0.00463756550629291,0.00129841474591808,0.00631988332523092,-0.00019837333862327,0.00892991550644018,0.00715305122341259
2014-04-30,0.00695151869263455,9.16456667801047E-05,0.00221272346447332,0.00455612139186012,0.00208917780471052,0.00628019323671514,0.0125992063492064,0.00216250647986804,0.00362795144520511
2014-05-31,0.0232063852779267,8.33159775250891E-05,0.00205606909871237,0.00439313404745167,0.00152661425713929,-0.00144023043686992,0.00107769178015094,0.00285548769954769,0.00280681460564258
2014-06-30,0.0206448681996374,9.16456667801047E-05,0.0020973058044893,0.00435236654076965,0.000831813268477255,0.0014423076923078,0.0353298101389705,0.00371050981205734,0.00545372812783596
2014-07-31,-0.0134375892097314,9.99750091628115E-05,0.00213853402747666,0.0048572998672296,0.0016664627535028,-0.00144023043686992,-0.0207959164382266,0.000209538654666996,0.00203300040491294
2014-08-31,0.0394635155581398,7.49859413660126E-05,0.00194881393666879,0.00457241285609888,-0.000707594851405147,-0.00480769230769229,-0.068056762235737,-0.000634171912725079,0.00735783137601542
2014-09-30,-0.0137962847076346,0.00010830400470474,0.00208905914207991,0.00514990580219998,0.000969417001045247,-0.00289855072463763,-0.0344934742075825,0.00292055963955429,0.00106134933435853
2014-10-31,0.0235509048027778,9.16456667801047E-05,0.00194881393666879,0.00494675243812415,8.42154905973391E-05,-0.0145348837209303,-0.0945177556056216,0.000538148485476064,0.00591888868482116
2014-11-30,0.0274719502935483,0.00010830400470474,0.00180847051020216,0.00515802766781714,-0.00163364293954682,-0.012291052114061,-0.102014218009479,0.00778524961763805,0.00383418399103697
2014-12-31,-0.00253657208974956,0.000208224909202803,0.00180021195250513,0.00551506533161494,-0.00349193228687827,-0.019412643106023,-0.217706821480406,-0.0021920321460529,-0.00109956430797731
2015-01-31,-0.029629252385157,0.000149943780917816,0.00139512500462824,0.0053528540743295,-0.00582758474755585,-0.0253807106598984,-0.203575645134087,-0.00719028160447899,-0.00216016685426734
2015-02-28,0.0562045971790943,0.000183249361996873,0.00165976436217563,0.00494675243812415,0.00245197158096833,-0.00468750000000007,0.0711562897077509,-0.00172987119229495,0.00258785862992794
2015-03-31,-0.0157057125877018,0.000216549398706745,0.00161017110699424,0.00516614920531677,0.00212324142528941,0.0020931449502879,-0.0545670225385527,-0.00339175640056499,0.00541054808686647
2015-04-30,0.00983391123604083,0.000199900073271086,0.00170108269854086,0.00503616521485584,0.000898346956849538,-0.00313315926892943,0.138644918444166,-0.0039219791671623,0.00231220531724952
2015-05-31,0.01285614628512,0.000216549398706745,0.00175891405710127,0.00505241781098897,0.00292124080761713,0.0130958617077004,0.0885215794306704,-0.00361256764606965,0.00629669156883672
2015-06-30,-0.020312086341871,0.000233197338557423,0.00194881393666879,0.00553127926306907,0.00222887319484499,0.00723888314374355,0.00927956807828578,-0.00279620230466138,0.00196611109751399
2015-07-31,0.0225892380460997,0.000274811127915386,0.00182498660445907,0.00574194150819896,0.00192486700727401,-0.00462012320328542,-0.149114008692745,0.00502246792322913,0.00375352147079422
2015-08-31,-0.0609501305890475,0.000324736251740454,0.0018332441410811,0.00602517735660979,-0.000273251610082514,-0.0103145951521403,-0.157760314341847,-5.64512270965212E-05,0.00224693581226321
2015-09-30,-0.0255159242003261,0.000274811127915386,0.00170934534331746,0.00663077218468988,-0.00144652686376989,-0.0145909327774884,0.0608817354793563,-0.00292127671178877,0.00255754475703318
2015-10-31,0.0850596836903197,0.000283132847137324,0.00179195305438795,0.00615452391902926,0.0013686112175586,-0.00846113167636164,0.0162708883025506,-0.00191259819699485,0.00120285455954527
2015-11-30,0.00365512499694431,0.000424549139916408,0.0018332441410811,0.00666301945452585,0.00151813349481889,-0.00960000000000005,-0.081782778018174,-0.00584590089851866,0.00324944968997176
2015-12-31,-0.0172824676657964,0.000540934613203037,0.00188278221566174,0.0071702339430002,-0.00128908726742882,-0.0118470651588584,-0.123704052780396,-0.00462878337274475,0.00236288818877384
2016-01-31,-0.0497866015614595,0.000391283709565649,0.00161017110699424,0.00751569601862956,0.00109314430345675,-0.00490463215258863,-0.148158107018016,0.00548301121573602,0.000585320483009744
2016-02-29,-0.000825950805423026,0.000516000567064578,0.00144477152465439,0.00742737836769036,-0.00125154343023692,-0.00711938663745881,-0.0429292929292929,-0.00206508945499806,0.00201937639733618
2016-03-31,0.0672660004259817,0.000491063413608606,0.00147786236922665,0.00685639468917754,0.00113536971001826,0.00441257584114707,0.238456464379947,-0.00718708996451001,0.000495829434674633
2016-04-30,0.00394121238937206,0.000466123151983355,0.00151921823855949,0.00621916603506101,0.00348625240467393,0.00604063701263047,0.0852197070572571,0.00334938449939171,0.0105751169018025
2016-05-31,0.01701155246707,0.000565865552876188,0.0015274883878853,0.00607369206180008,0.00190031309123184,0.01146288209607,0.146257668711656,-0.00111305855854538,0.00329831999240682
2016-06-30,0.00347590403885323,0.000374648920129284,0.00123782978226727,0.00600900318835906,0.00200533083781052,0.0124123043712898,0.0438878184542923,0.00359787144592194,0.0052268516693601
2016-07-31,0.0364712608892597,0.000416233300814861,0.00121298239653989,0.00561232931814737,0.000233487045638414,0.000533049040511768,-0.0842904019688269,0.000896000868849223,0.00360761677698651
2016-08-31,0.00119753925145294,0.000507688527878747,0.00131235344623093,0.00523922828232437,0.00204670318218581,-0.00586041555673944,0.00156774916013447,-0.000691744504070502,0.000617341835458918
2016-09-30,5.80180002935915E-05,0.000491063413608606,0.0013289104949068,0.0051336610864956,0.00256667318388115,0.00160771704180074,0.0102862254025045,-0.00151339025593833,0.00704428842534366
2016-10-31,-0.0173370296360527,0.000549245271548315,0.0015274883878853,0.00521487154147415,0.00285470071284522,-0.00107009095773147,0.101814962372731,0.00219827594577326,0.00500197752599862
2016-11-30,0.0368383990756032,0.000665558263932997,0.00196531846765313,0.00540964290004853,0.00208941885193692,-0.00160685591858589,-0.0827641623141825,-0.0018039803829244,0.00283192123092113
2016-12-31,0.0202717912706911,0.000707082241080625,0.00203132300190978,0.005093043553132,0.00256813611947204,0.0101931330472103,0.138195356986421,0.00706007958846944,0.0057786566739253
